0.276859232694
0.243680617082
0.247628278001
0.280509969657
0.304876955934
0.256401795934
0.270862369905
0.263555564974
0.30903856199
0.269457088965
0.272924874952
0.25732089942
0.250072948474
0.268293327137
0.281248106315
0.261929633166
0.26261711604
0.25797574083
0.262631043666
0.261305150231
0.269944250037
0.283897976561
0.281615901151
0.275530669136
0.284146535346
0.269215965179
0.278377816746
0.265013708905
0.222045336484
0.274647276421
0.273555958251
0.243896793056
0.220035884583
0.263918183497
0.236505752293
0.316997220316
0.311791807108
0.30770316645
0.220013808203
0.286509097064
0.262135361829
0.220040906367
0.245849634104
0.322152889477
0.25303299911
0.24243115576
0.294526211771
0.257363883809
0.248441729645
0.241404774766
0.220022847743
0.265379358075
0.300602801228
0.315525426341
0.225577334465
0.251437775192
0.234985674089
0.231655520172
0.234092888891
0.237992591173
0.24782369444
0.240379518016
0.234409427814
0.239499631994
0.238169433091
0.230354412525
0.232698232133
0.247725897246
0.250583027325
0.240424547326
0.231299085984
0.219989105556
0.233767193693
0.219976526184
0.239842478726
0.219989105556
0.284305168796
0.274968811004
0.25732089942
0.261929633166
0.284240744979
0.282872987123
0.263254379773
0.219985827369
0.288712500557
0.316712359786
0.220013808203
0.28065671865
0.283897976561
0.317644330849
0.269378252617
0.281615901151
0.252454742874
0.284146535346
0.278377816746
0.277412525816
0.316885115347
0.293602801852
0.264604720473
0.261998988078
