2.18511	0
2.18052	0
2.18127	0
2.18835	0
2.18954	1
2.18228	0
2.18482	0
2.18318	0
2.18708	0
2.18238	0
2.18275	0
2.18116	1
2.18014	0
2.18224	0
2.18409	0
2.18151	1
2.18177	0
2.1812	0
2.18162	0
2.18144	0
2.1825	0
2.18403	1
2.18386	1
2.18307	0
2.18406	1
2.18236	0
2.18343	1
2.18184	0
2.17684	0
2.18294	0
2.18286	0
2.17943	0
2.17661	0
2.18186	0
2.17858	0
2.18796	1
2.1874	0
2.18694	2
2.17661	0
2.18442	0
2.18164	0
2.17661	0
2.1796	0
2.18865	0
2.18049	1
2.17934	0
2.18526	2
2.18094	0
2.1799	0
2.17909	0
2.17661	2
2.18187	0
2.18613	0
2.18789	1
2.17726	0
2.18036	0
2.17914	0
2.17888	0
2.17887	1
2.17958	0
2.18093	0
2.18057	0
2.17904	0
2.17974	0
2.18014	0
2.17832	0
2.17855	0
2.18109	0
2.18176	0
2.17972	1
2.17852	0
2.17661	0
2.17889	0
2.17661	0
2.17982	0
2.17661	1
2.18404	0
2.1832	0
2.18116	1
2.18151	1
2.18421	0
2.18389	0
2.1817	0
2.1766	0
2.18469	0
2.1879	0
2.17661	0
2.18374	0
2.18403	1
2.18808	0
2.18232	0
2.18386	1
2.18038	0
2.18406	1
2.18343	1
2.18654	0
2.19143	1
2.18927	0
2.18354	0
2.18334	0
